{
 "cells": [
  {
   "cell_type": "code",
   "execution_count": 1,
   "id": "98f9c8be",
   "metadata": {},
   "outputs": [],
   "source": [
    "from trainer import *"
   ]
  },
  {
   "cell_type": "code",
   "execution_count": 2,
   "id": "667a8ad3",
   "metadata": {},
   "outputs": [
    {
     "name": "stdout",
     "output_type": "stream",
     "text": [
      "Training from scratch..\n",
      "Initializing samples..\n",
      "{'tgt': '../DATASETS/KITTI/2011_09_26/2011_09_26_drive_0001_sync/image_02/data/0000000005.png', 'ref_imgs': ['../DATASETS/KITTI/2011_09_26/2011_09_26_drive_0001_sync/image_02/data/0000000004.png', '../DATASETS/KITTI/2011_09_26/2011_09_26_drive_0001_sync/image_02/data/0000000006.png'], 'intrinsics': array([[7.215377e+02, 0.000000e+00, 6.095593e+02, 4.485728e+01],\n",
      "       [0.000000e+00, 7.215377e+02, 1.728540e+02, 2.163791e-01],\n",
      "       [0.000000e+00, 0.000000e+00, 1.000000e+00, 2.745884e-03]]), 'extrinsics': array([[ 7.533745e-03, -9.999714e-01, -6.166020e-04, -4.069766e-03],\n",
      "       [ 1.480249e-02,  7.280733e-04, -9.998902e-01, -7.631618e-02],\n",
      "       [ 9.998621e-01,  7.523790e-03,  1.480755e-02, -2.717806e-01],\n",
      "       [ 0.000000e+00,  0.000000e+00,  0.000000e+00,  1.000000e+00]]), 'oxts': [array([[-0.86783025,  0.49626845, -0.02425428,  0.        ],\n",
      "       [-0.49678931, -0.86749897,  0.025415  ,  0.        ],\n",
      "       [-0.0084279 ,  0.03410517,  0.99938271,  0.        ],\n",
      "       [ 0.        ,  0.        ,  0.        ,  1.        ]]), array([[-0.86641204,  0.49881237, -0.02272454,  1.11367715],\n",
      "       [-0.49928782, -0.86603136,  0.02648332,  0.65526296],\n",
      "       [-0.00646995,  0.03429156,  0.99939093, -0.00606537],\n",
      "       [ 0.        ,  0.        ,  0.        ,  1.        ]]), array([[-0.86933523,  0.49364999, -0.02378963, -1.1099075 ],\n",
      "       [-0.4941504 , -0.86902452,  0.02473386, -0.64824475],\n",
      "       [-0.0084639 ,  0.03325767,  0.99941097,  0.00302124],\n",
      "       [ 0.        ,  0.        ,  0.        ,  1.        ]])], 'groundtruth': '../DATASETS/KITTI/data_depth_annotated/train/2011_09_26_drive_0001_sync/proj_depth/groundtruth/image_02/0000000005.png'}\n",
      "{'tgt': '../DATASETS/KITTI/2011_09_26/2011_09_26_drive_0001_sync/image_02/data/0000000006.png', 'ref_imgs': ['../DATASETS/KITTI/2011_09_26/2011_09_26_drive_0001_sync/image_02/data/0000000005.png', '../DATASETS/KITTI/2011_09_26/2011_09_26_drive_0001_sync/image_02/data/0000000007.png'], 'intrinsics': array([[7.215377e+02, 0.000000e+00, 6.095593e+02, 4.485728e+01],\n",
      "       [0.000000e+00, 7.215377e+02, 1.728540e+02, 2.163791e-01],\n",
      "       [0.000000e+00, 0.000000e+00, 1.000000e+00, 2.745884e-03]]), 'extrinsics': array([[ 7.533745e-03, -9.999714e-01, -6.166020e-04, -4.069766e-03],\n",
      "       [ 1.480249e-02,  7.280733e-04, -9.998902e-01, -7.631618e-02],\n",
      "       [ 9.998621e-01,  7.523790e-03,  1.480755e-02, -2.717806e-01],\n",
      "       [ 0.000000e+00,  0.000000e+00,  0.000000e+00,  1.000000e+00]]), 'oxts': [array([[-0.86933523,  0.49364999, -0.02378963,  0.        ],\n",
      "       [-0.4941504 , -0.86902452,  0.02473386,  0.        ],\n",
      "       [-0.0084639 ,  0.03325767,  0.99941097,  0.        ],\n",
      "       [ 0.        ,  0.        ,  0.        ,  1.        ]]), array([[-0.86783025,  0.49626845, -0.02425428,  1.10990763],\n",
      "       [-0.49678931, -0.86749897,  0.025415  ,  0.64824482],\n",
      "       [-0.0084279 ,  0.03410517,  0.99938271, -0.00302124],\n",
      "       [ 0.        ,  0.        ,  0.        ,  1.        ]]), array([[-0.87078279,  0.49117281, -0.02205896, -1.10612725],\n",
      "       [-0.49161685, -0.87046213,  0.02466861, -0.64089121],\n",
      "       [-0.00708494,  0.03232556,  0.99945228,  0.00188446],\n",
      "       [ 0.        ,  0.        ,  0.        ,  1.        ]])], 'groundtruth': '../DATASETS/KITTI/data_depth_annotated/train/2011_09_26_drive_0001_sync/proj_depth/groundtruth/image_02/0000000006.png'}\n",
      "{'tgt': '../DATASETS/KITTI/2011_09_26/2011_09_26_drive_0001_sync/image_02/data/0000000007.png', 'ref_imgs': ['../DATASETS/KITTI/2011_09_26/2011_09_26_drive_0001_sync/image_02/data/0000000006.png', '../DATASETS/KITTI/2011_09_26/2011_09_26_drive_0001_sync/image_02/data/0000000008.png'], 'intrinsics': array([[7.215377e+02, 0.000000e+00, 6.095593e+02, 4.485728e+01],\n",
      "       [0.000000e+00, 7.215377e+02, 1.728540e+02, 2.163791e-01],\n",
      "       [0.000000e+00, 0.000000e+00, 1.000000e+00, 2.745884e-03]]), 'extrinsics': array([[ 7.533745e-03, -9.999714e-01, -6.166020e-04, -4.069766e-03],\n",
      "       [ 1.480249e-02,  7.280733e-04, -9.998902e-01, -7.631618e-02],\n",
      "       [ 9.998621e-01,  7.523790e-03,  1.480755e-02, -2.717806e-01],\n",
      "       [ 0.000000e+00,  0.000000e+00,  0.000000e+00,  1.000000e+00]]), 'oxts': [array([[-0.87078279,  0.49117281, -0.02205896,  0.        ],\n",
      "       [-0.49161685, -0.87046213,  0.02466861,  0.        ],\n",
      "       [-0.00708494,  0.03232556,  0.99945228,  0.        ],\n",
      "       [ 0.        ,  0.        ,  0.        ,  1.        ]]), array([[-0.86933523,  0.49364999, -0.02378963,  1.10612738],\n",
      "       [-0.4941504 , -0.86902452,  0.02473386,  0.64089128],\n",
      "       [-0.0084639 ,  0.03325767,  0.99941097, -0.00188446],\n",
      "       [ 0.        ,  0.        ,  0.        ,  1.        ]]), array([[-0.87241567,  0.48834815, -0.0201739 , -1.2124814 ],\n",
      "       [-0.48872853, -0.8721097 ,  0.0238557 , -0.69526287],\n",
      "       [-0.00594396,  0.03067165,  0.99951184,  0.00309753],\n",
      "       [ 0.        ,  0.        ,  0.        ,  1.        ]])], 'groundtruth': '../DATASETS/KITTI/data_depth_annotated/train/2011_09_26_drive_0001_sync/proj_depth/groundtruth/image_02/0000000007.png'}\n",
      "{'tgt': '../DATASETS/KITTI/2011_09_26/2011_09_26_drive_0001_sync/image_02/data/0000000008.png', 'ref_imgs': ['../DATASETS/KITTI/2011_09_26/2011_09_26_drive_0001_sync/image_02/data/0000000007.png', '../DATASETS/KITTI/2011_09_26/2011_09_26_drive_0001_sync/image_02/data/0000000009.png'], 'intrinsics': array([[7.215377e+02, 0.000000e+00, 6.095593e+02, 4.485728e+01],\n",
      "       [0.000000e+00, 7.215377e+02, 1.728540e+02, 2.163791e-01],\n",
      "       [0.000000e+00, 0.000000e+00, 1.000000e+00, 2.745884e-03]]), 'extrinsics': array([[ 7.533745e-03, -9.999714e-01, -6.166020e-04, -4.069766e-03],\n",
      "       [ 1.480249e-02,  7.280733e-04, -9.998902e-01, -7.631618e-02],\n",
      "       [ 9.998621e-01,  7.523790e-03,  1.480755e-02, -2.717806e-01],\n",
      "       [ 0.000000e+00,  0.000000e+00,  0.000000e+00,  1.000000e+00]]), 'oxts': [array([[-0.87241567,  0.48834815, -0.0201739 ,  0.        ],\n",
      "       [-0.48872853, -0.8721097 ,  0.0238557 ,  0.        ],\n",
      "       [-0.00594396,  0.03067165,  0.99951184,  0.        ],\n",
      "       [ 0.        ,  0.        ,  0.        ,  1.        ]]), array([[-0.87078279,  0.49117281, -0.02205896,  1.21248155],\n",
      "       [-0.49161685, -0.87046213,  0.02466861,  0.69526296],\n",
      "       [-0.00708494,  0.03232556,  0.99945228, -0.00309753],\n",
      "       [ 0.        ,  0.        ,  0.        ,  1.        ]]), array([[-0.87412673,  0.48525853, -0.020655  , -1.09685088],\n",
      "       [-0.48563874, -0.87389338,  0.02157271, -0.62737279],\n",
      "       [-0.00758193,  0.02888815,  0.9995539 ,  0.00576019],\n",
      "       [ 0.        ,  0.        ,  0.        ,  1.        ]])], 'groundtruth': '../DATASETS/KITTI/data_depth_annotated/train/2011_09_26_drive_0001_sync/proj_depth/groundtruth/image_02/0000000008.png'}\n",
      "{'tgt': '../DATASETS/KITTI/2011_09_26/2011_09_26_drive_0001_sync/image_02/data/0000000009.png', 'ref_imgs': ['../DATASETS/KITTI/2011_09_26/2011_09_26_drive_0001_sync/image_02/data/0000000008.png', '../DATASETS/KITTI/2011_09_26/2011_09_26_drive_0001_sync/image_02/data/0000000010.png'], 'intrinsics': array([[7.215377e+02, 0.000000e+00, 6.095593e+02, 4.485728e+01],\n",
      "       [0.000000e+00, 7.215377e+02, 1.728540e+02, 2.163791e-01],\n",
      "       [0.000000e+00, 0.000000e+00, 1.000000e+00, 2.745884e-03]]), 'extrinsics': array([[ 7.533745e-03, -9.999714e-01, -6.166020e-04, -4.069766e-03],\n",
      "       [ 1.480249e-02,  7.280733e-04, -9.998902e-01, -7.631618e-02],\n",
      "       [ 9.998621e-01,  7.523790e-03,  1.480755e-02, -2.717806e-01],\n",
      "       [ 0.000000e+00,  0.000000e+00,  0.000000e+00,  1.000000e+00]]), 'oxts': [array([[-0.87412673,  0.48525853, -0.020655  ,  0.        ],\n",
      "       [-0.48563874, -0.87389338,  0.02157271,  0.        ],\n",
      "       [-0.00758193,  0.02888815,  0.9995539 ,  0.        ],\n",
      "       [ 0.        ,  0.        ,  0.        ,  1.        ]]), array([[-0.87241567,  0.48834815, -0.0201739 ,  1.09685101],\n",
      "       [-0.48872853, -0.8721097 ,  0.0238557 ,  0.62737286],\n",
      "       [-0.00594396,  0.03067165,  0.99951184, -0.00576019],\n",
      "       [ 0.        ,  0.        ,  0.        ,  1.        ]]), array([[-0.87623839,  0.48131483, -0.02328775, -1.2016012 ],\n",
      "       [-0.48174677, -0.87610367,  0.01903685, -0.6796679 ],\n",
      "       [-0.01123976,  0.02789962,  0.99954754,  0.00786591],\n",
      "       [ 0.        ,  0.        ,  0.        ,  1.        ]])], 'groundtruth': '../DATASETS/KITTI/data_depth_annotated/train/2011_09_26_drive_0001_sync/proj_depth/groundtruth/image_02/0000000009.png'}\n",
      "{'tgt': '../DATASETS/KITTI/2011_09_26/2011_09_26_drive_0001_sync/image_02/data/0000000010.png', 'ref_imgs': ['../DATASETS/KITTI/2011_09_26/2011_09_26_drive_0001_sync/image_02/data/0000000009.png', '../DATASETS/KITTI/2011_09_26/2011_09_26_drive_0001_sync/image_02/data/0000000011.png'], 'intrinsics': array([[7.215377e+02, 0.000000e+00, 6.095593e+02, 4.485728e+01],\n",
      "       [0.000000e+00, 7.215377e+02, 1.728540e+02, 2.163791e-01],\n",
      "       [0.000000e+00, 0.000000e+00, 1.000000e+00, 2.745884e-03]]), 'extrinsics': array([[ 7.533745e-03, -9.999714e-01, -6.166020e-04, -4.069766e-03],\n",
      "       [ 1.480249e-02,  7.280733e-04, -9.998902e-01, -7.631618e-02],\n",
      "       [ 9.998621e-01,  7.523790e-03,  1.480755e-02, -2.717806e-01],\n",
      "       [ 0.000000e+00,  0.000000e+00,  0.000000e+00,  1.000000e+00]]), 'oxts': [array([[-0.87623839,  0.48131483, -0.02328775,  0.        ],\n",
      "       [-0.48174677, -0.87610367,  0.01903685,  0.        ],\n",
      "       [-0.01123976,  0.02789962,  0.99954754,  0.        ],\n",
      "       [ 0.        ,  0.        ,  0.        ,  1.        ]]), array([[-0.87412673,  0.48525853, -0.020655  ,  1.20160135],\n",
      "       [-0.48563874, -0.87389338,  0.02157271,  0.67966798],\n",
      "       [-0.00758193,  0.02888815,  0.9995539 , -0.00786591],\n",
      "       [ 0.        ,  0.        ,  0.        ,  1.        ]]), array([[-0.87814093,  0.4777569 , -0.02483631, -1.08674854],\n",
      "       [-0.47822279, -0.87804919,  0.01823705, -0.60853587],\n",
      "       [-0.01309463,  0.02789199,  0.99952517,  0.00423431],\n",
      "       [ 0.        ,  0.        ,  0.        ,  1.        ]])], 'groundtruth': '../DATASETS/KITTI/data_depth_annotated/train/2011_09_26_drive_0001_sync/proj_depth/groundtruth/image_02/0000000010.png'}\n",
      "{'tgt': '../DATASETS/KITTI/2011_09_26/2011_09_26_drive_0001_sync/image_02/data/0000000011.png', 'ref_imgs': ['../DATASETS/KITTI/2011_09_26/2011_09_26_drive_0001_sync/image_02/data/0000000010.png', '../DATASETS/KITTI/2011_09_26/2011_09_26_drive_0001_sync/image_02/data/0000000012.png'], 'intrinsics': array([[7.215377e+02, 0.000000e+00, 6.095593e+02, 4.485728e+01],\n",
      "       [0.000000e+00, 7.215377e+02, 1.728540e+02, 2.163791e-01],\n",
      "       [0.000000e+00, 0.000000e+00, 1.000000e+00, 2.745884e-03]]), 'extrinsics': array([[ 7.533745e-03, -9.999714e-01, -6.166020e-04, -4.069766e-03],\n",
      "       [ 1.480249e-02,  7.280733e-04, -9.998902e-01, -7.631618e-02],\n",
      "       [ 9.998621e-01,  7.523790e-03,  1.480755e-02, -2.717806e-01],\n",
      "       [ 0.000000e+00,  0.000000e+00,  0.000000e+00,  1.000000e+00]]), 'oxts': [array([[-0.87814093,  0.4777569 , -0.02483631,  0.        ],\n",
      "       [-0.47822279, -0.87804919,  0.01823705,  0.        ],\n",
      "       [-0.01309463,  0.02789199,  0.99952517,  0.        ],\n",
      "       [ 0.        ,  0.        ,  0.        ,  1.        ]]), array([[-0.87623839,  0.48131483, -0.02328775,  1.08674866],\n",
      "       [-0.48174677, -0.87610367,  0.01903685,  0.60853593],\n",
      "       [-0.01123976,  0.02789962,  0.99954754, -0.00423431],\n",
      "       [ 0.        ,  0.        ,  0.        ,  1.        ]]), array([[-8.79943100e-01,  4.74466574e-01, -2.41165844e-02,\n",
      "        -1.08018573e+00],\n",
      "       [-4.74925413e-01, -8.79815396e-01,  1.92541197e-02,\n",
      "        -5.98911854e-01],\n",
      "       [-1.20827060e-02,  2.83961086e-02,  9.99523721e-01,\n",
      "         2.82287600e-04],\n",
      "       [ 0.00000000e+00,  0.00000000e+00,  0.00000000e+00,\n",
      "         1.00000000e+00]])], 'groundtruth': '../DATASETS/KITTI/data_depth_annotated/train/2011_09_26_drive_0001_sync/proj_depth/groundtruth/image_02/0000000011.png'}\n",
      "{'tgt': '../DATASETS/KITTI/2011_09_26/2011_09_26_drive_0001_sync/image_02/data/0000000012.png', 'ref_imgs': ['../DATASETS/KITTI/2011_09_26/2011_09_26_drive_0001_sync/image_02/data/0000000011.png', '../DATASETS/KITTI/2011_09_26/2011_09_26_drive_0001_sync/image_02/data/0000000013.png'], 'intrinsics': array([[7.215377e+02, 0.000000e+00, 6.095593e+02, 4.485728e+01],\n",
      "       [0.000000e+00, 7.215377e+02, 1.728540e+02, 2.163791e-01],\n",
      "       [0.000000e+00, 0.000000e+00, 1.000000e+00, 2.745884e-03]]), 'extrinsics': array([[ 7.533745e-03, -9.999714e-01, -6.166020e-04, -4.069766e-03],\n",
      "       [ 1.480249e-02,  7.280733e-04, -9.998902e-01, -7.631618e-02],\n",
      "       [ 9.998621e-01,  7.523790e-03,  1.480755e-02, -2.717806e-01],\n",
      "       [ 0.000000e+00,  0.000000e+00,  0.000000e+00,  1.000000e+00]]), 'oxts': [array([[-0.8799431 ,  0.47446657, -0.02411658,  0.        ],\n",
      "       [-0.47492541, -0.8798154 ,  0.01925412,  0.        ],\n",
      "       [-0.01208271,  0.02839611,  0.99952372,  0.        ],\n",
      "       [ 0.        ,  0.        ,  0.        ,  1.        ]]), array([[-8.78140933e-01,  4.77756904e-01, -2.48363105e-02,\n",
      "         1.08018585e+00],\n",
      "       [-4.78222785e-01, -8.78049189e-01,  1.82370500e-02,\n",
      "         5.98911919e-01],\n",
      "       [-1.30946258e-02,  2.78919897e-02,  9.99525171e-01,\n",
      "        -2.82287600e-04],\n",
      "       [ 0.00000000e+00,  0.00000000e+00,  0.00000000e+00,\n",
      "         1.00000000e+00]]), array([[-8.81852090e-01,  4.70964837e-01, -2.30002951e-02,\n",
      "        -1.07351452e+00],\n",
      "       [-4.71411716e-01, -8.81663125e-01,  2.10030517e-02,\n",
      "        -5.90127184e-01],\n",
      "       [-1.03868132e-02,  2.93641937e-02,  9.99514811e-01,\n",
      "        -9.46044920e-04],\n",
      "       [ 0.00000000e+00,  0.00000000e+00,  0.00000000e+00,\n",
      "         1.00000000e+00]])], 'groundtruth': '../DATASETS/KITTI/data_depth_annotated/train/2011_09_26_drive_0001_sync/proj_depth/groundtruth/image_02/0000000012.png'}\n",
      "{'tgt': '../DATASETS/KITTI/2011_09_26/2011_09_26_drive_0001_sync/image_02/data/0000000013.png', 'ref_imgs': ['../DATASETS/KITTI/2011_09_26/2011_09_26_drive_0001_sync/image_02/data/0000000012.png', '../DATASETS/KITTI/2011_09_26/2011_09_26_drive_0001_sync/image_02/data/0000000014.png'], 'intrinsics': array([[7.215377e+02, 0.000000e+00, 6.095593e+02, 4.485728e+01],\n",
      "       [0.000000e+00, 7.215377e+02, 1.728540e+02, 2.163791e-01],\n",
      "       [0.000000e+00, 0.000000e+00, 1.000000e+00, 2.745884e-03]]), 'extrinsics': array([[ 7.533745e-03, -9.999714e-01, -6.166020e-04, -4.069766e-03],\n",
      "       [ 1.480249e-02,  7.280733e-04, -9.998902e-01, -7.631618e-02],\n",
      "       [ 9.998621e-01,  7.523790e-03,  1.480755e-02, -2.717806e-01],\n",
      "       [ 0.000000e+00,  0.000000e+00,  0.000000e+00,  1.000000e+00]]), 'oxts': [array([[-0.88185209,  0.47096484, -0.0230003 ,  0.        ],\n",
      "       [-0.47141172, -0.88166313,  0.02100305,  0.        ],\n",
      "       [-0.01038681,  0.02936419,  0.99951481,  0.        ],\n",
      "       [ 0.        ,  0.        ,  0.        ,  1.        ]]), array([[-8.79943100e-01,  4.74466574e-01, -2.41165844e-02,\n",
      "         1.07351464e+00],\n",
      "       [-4.74925413e-01, -8.79815396e-01,  1.92541197e-02,\n",
      "         5.90127247e-01],\n",
      "       [-1.20827060e-02,  2.83961086e-02,  9.99523721e-01,\n",
      "         9.46044920e-04],\n",
      "       [ 0.00000000e+00,  0.00000000e+00,  0.00000000e+00,\n",
      "         1.00000000e+00]]), array([[-0.88385804,  0.46720419, -0.02269833, -1.17266642],\n",
      "       [-0.46764475, -0.88366295,  0.02117028, -0.63848259],\n",
      "       [-0.01016682,  0.02932628,  0.99951819,  0.00120544],\n",
      "       [ 0.        ,  0.        ,  0.        ,  1.        ]])], 'groundtruth': '../DATASETS/KITTI/data_depth_annotated/train/2011_09_26_drive_0001_sync/proj_depth/groundtruth/image_02/0000000013.png'}\n",
      "{'tgt': '../DATASETS/KITTI/2011_09_26/2011_09_26_drive_0001_sync/image_02/data/0000000014.png', 'ref_imgs': ['../DATASETS/KITTI/2011_09_26/2011_09_26_drive_0001_sync/image_02/data/0000000013.png', '../DATASETS/KITTI/2011_09_26/2011_09_26_drive_0001_sync/image_02/data/0000000015.png'], 'intrinsics': array([[7.215377e+02, 0.000000e+00, 6.095593e+02, 4.485728e+01],\n",
      "       [0.000000e+00, 7.215377e+02, 1.728540e+02, 2.163791e-01],\n",
      "       [0.000000e+00, 0.000000e+00, 1.000000e+00, 2.745884e-03]]), 'extrinsics': array([[ 7.533745e-03, -9.999714e-01, -6.166020e-04, -4.069766e-03],\n",
      "       [ 1.480249e-02,  7.280733e-04, -9.998902e-01, -7.631618e-02],\n",
      "       [ 9.998621e-01,  7.523790e-03,  1.480755e-02, -2.717806e-01],\n",
      "       [ 0.000000e+00,  0.000000e+00,  0.000000e+00,  1.000000e+00]]), 'oxts': [array([[-0.88385804,  0.46720419, -0.02269833,  0.        ],\n",
      "       [-0.46764475, -0.88366295,  0.02117028,  0.        ],\n",
      "       [-0.01016682,  0.02932628,  0.99951819,  0.        ],\n",
      "       [ 0.        ,  0.        ,  0.        ,  1.        ]]), array([[-0.88185209,  0.47096484, -0.0230003 ,  1.17266655],\n",
      "       [-0.47141172, -0.88166313,  0.02100305,  0.63848266],\n",
      "       [-0.01038681,  0.02936419,  0.99951481, -0.00120544],\n",
      "       [ 0.        ,  0.        ,  0.        ,  1.        ]]), array([[-8.85537534e-01,  4.64040997e-01, -2.21185401e-02,\n",
      "        -1.06011629e+00],\n",
      "       [-4.64457342e-01, -8.85361264e-01,  2.03668900e-02,\n",
      "        -5.72792851e-01],\n",
      "       [-1.01318266e-02,  2.83087639e-02,  9.99547878e-01,\n",
      "         6.63757330e-04],\n",
      "       [ 0.00000000e+00,  0.00000000e+00,  0.00000000e+00,\n",
      "         1.00000000e+00]])], 'groundtruth': '../DATASETS/KITTI/data_depth_annotated/train/2011_09_26_drive_0001_sync/proj_depth/groundtruth/image_02/0000000014.png'}\n"
     ]
    }
   ],
   "source": [
    "# init dataset\n",
    "with open('configs/basic_config.yaml') as file:\n",
    "    config = yaml.full_load(file)\n",
    "\n",
    "trainer    = Trainer(config)\n",
    "dataloader = trainer.train_loader"
   ]
  },
  {
   "cell_type": "code",
   "execution_count": 3,
   "id": "57f1971e",
   "metadata": {},
   "outputs": [],
   "source": [
    "dataset = trainer.dataset\n",
    "samples = dataset.samples"
   ]
  },
  {
   "cell_type": "code",
   "execution_count": 4,
   "id": "611db886",
   "metadata": {},
   "outputs": [
    {
     "data": {
      "text/plain": [
       "10"
      ]
     },
     "execution_count": 4,
     "metadata": {},
     "output_type": "execute_result"
    }
   ],
   "source": [
    "len(samples)"
   ]
  },
  {
   "cell_type": "code",
   "execution_count": 5,
   "id": "82cf935f",
   "metadata": {},
   "outputs": [
    {
     "data": {
      "text/plain": [
       "True"
      ]
     },
     "execution_count": 5,
     "metadata": {},
     "output_type": "execute_result"
    }
   ],
   "source": [
    "id(samples[1]) == id(samples[2])"
   ]
  },
  {
   "cell_type": "code",
   "execution_count": 6,
   "id": "b6ccb94d",
   "metadata": {},
   "outputs": [
    {
     "data": {
      "text/plain": [
       "'../DATASETS/KITTI/2011_09_26/2011_09_26_drive_0001_sync/image_02/data/0000000015.png'"
      ]
     },
     "execution_count": 6,
     "metadata": {},
     "output_type": "execute_result"
    }
   ],
   "source": [
    "samples[1]['tgt']"
   ]
  },
  {
   "cell_type": "code",
   "execution_count": 15,
   "id": "2efdb353",
   "metadata": {},
   "outputs": [
    {
     "data": {
