{
 "cells": [
  {
   "cell_type": "code",
   "execution_count": 1,
   "id": "53a82b1e",
   "metadata": {
    "scrolled": true
   },
   "outputs": [
    {
     "name": "stdout",
     "output_type": "stream",
     "text": [
      "Saving checkpoint..\n",
      "Initializing samples..\n"
     ]
    }
   ],
   "source": [
    "from trainer import *\n",
    "import cv2\n",
    "\n",
    "with open('configs/mac_test.yaml') as file:\n",
    "    config = yaml.full_load(file)\n",
    " \n",
    "trainer = Trainer(config)"
   ]
  },
  {
   "cell_type": "code",
   "execution_count": 2,
   "id": "bf752af7",
   "metadata": {},
   "outputs": [
    {
     "name": "stdout",
     "output_type": "stream",
     "text": [
      "[[ 0.96421373  0.26486253 -0.01182034 -1.0304218 ]\n",
      " [-0.26504725  0.96188062 -0.06734705  0.28907825]\n",
      " [-0.00646795  0.0680699   0.99765959  0.00300598]\n",
      " [ 0.          0.          0.          1.        ]]\n",
      "[[ 0.96423095  0.26487249 -0.0100615   1.02591462]\n",
      " [-0.26493687  0.96190238 -0.06747054 -0.31269666]\n",
      " [-0.00819291  0.06772285  0.99767053  0.00356293]\n",
      " [ 0.          0.          0.          1.        ]]\n",
      " \n",
      "Post transform\n",
      "[[ 0.96402439  0.26544983 -0.01390224 -1.838883  ]\n",
      " [-0.26567946  0.9605576  -0.08211863  0.60936703]\n",
      " [-0.00844447  0.08285791  0.99652563 -0.79451799]\n",
      " [ 0.          0.          0.          1.        ]]\n",
      "[[ 0.96404521  0.26546051 -0.01214352  0.21699282]\n",
      " [-0.26554354  0.96058449 -0.08224365  0.00603513]\n",
      " [-0.01016756  0.08251124  0.99653831 -0.79871929]\n",
      " [ 0.          0.          0.          1.        ]]\n",
      "[array([-1.838883  ,  0.60936703, -0.79451799]), array([ 0.21699282,  0.00603513, -0.79871929])]\n",
      "[[ 0.95865929  0.28434085 -0.01107463 -1.15961618]\n",
      " [-0.28449799  0.95694748 -0.0575535   0.36825791]\n",
      " [-0.00576697  0.05832491  0.998281   -0.00331116]\n",
      " [ 0.          0.          0.          1.        ]]\n",
      "[[ 0.95814226  0.28604028 -0.01201533  1.05414825]\n",
      " [-0.28625863  0.956539   -0.05558    -0.3361204 ]\n",
      " [-0.00440499  0.05669304  0.99838194  0.01182556]\n",
      " [ 0.          0.          0.          1.        ]]\n",
      " \n",
      "Post transform\n",
      "[[ 0.95845385  0.28494421 -0.0131504  -1.96800441]\n",
      " [-0.28513409  0.95575416 -0.07233596  0.68873308]\n",
      " [-0.00804316  0.07308031  0.99729366 -0.79992217]\n",
      " [ 0.          0.          0.          1.        ]]\n",
      "[[ 0.95793272  0.28664665 -0.01408981  0.24519187]\n",
      " [-0.28691432  0.95536857 -0.07036343 -0.01753068]\n",
      " [-0.00670848  0.071446    0.99742195 -0.79074767]\n",
      " [ 0.          0.          0.          1.        ]]\n",
      "[array([-1.96800441,  0.68873308, -0.79992217]), array([ 0.24519187, -0.01753068, -0.79074767])]\n",
      "[[ 0.49320261 -0.8692826   0.03315037 -0.28199227]\n",
      " [ 0.86985456  0.49325767 -0.00706542 -0.50102362]\n",
      " [-0.01020982  0.03232068  0.9994254   0.01151276]\n",
      " [ 0.          0.          0.          1.        ]]\n",
      "[[ 0.48818846 -0.8721174   0.03291305  0.2714536 ]\n",
      " [ 0.87267443  0.48826152 -0.00632641  0.48977172]\n",
      " [-0.0105528   0.03181086  0.9994382  -0.00823975]\n",
      " [ 0.          0.          0.          1.        ]]\n",
      " \n",
      "Post transform\n",
      "[[ 0.49387922 -0.86897375  0.0311103  -1.09106936]\n",
      " [ 0.86952267  0.49340696 -0.02190515 -0.18136168]\n",
      " [ 0.00368496  0.03786961  0.99927593 -0.79620994]\n",
      " [ 0.          0.          0.          1.        ]]\n",
      "[[ 0.48886791 -0.87181128  0.03087351 -0.53683625]\n",
      " [ 0.87235126  0.48842115 -0.02116622  0.80918258]\n",
      " [ 0.00337367  0.03728003  0.9992992  -0.80015175]\n",
      " [ 0.          0.          0.          1.        ]]\n",
      "[array([-1.09106936, -0.18136168, -0.79620994]), array([-0.53683625,  0.80918258, -0.80015175])]\n",
      "[[ 3.25155690e-01 -9.45473103e-01  1.88252159e-02 -3.11702783e-01]\n",
      " [ 9.45646228e-01  3.25195710e-01 -9.80358722e-04 -8.92594782e-01]\n",
      " [-5.19497663e-03  1.81207636e-02  9.99822309e-01 -4.15802002e-03]\n",
      " [ 0.00000000e+00  0.00000000e+00  0.00000000e+00  1.00000000e+00]]\n",
      "[[ 0.32842137 -0.9443826   0.01676066  0.31269869]\n",
      " [ 0.94450923  0.32848332  0.0010095   0.90047356]\n",
      " [-0.00645896  0.01549906  0.99985902  0.00365448]\n",
      " [ 0.          0.          0.          1.        ]]\n",
      " \n",
      "Post transform\n",
      "[[ 0.32587974 -0.9452621   0.01678897 -1.12104365]\n",
      " [ 0.94536365  0.32563385 -0.01581538 -0.57263407]\n",
      " [ 0.00948262  0.02102559  0.99973401 -0.81774397]\n",
      " [ 0.          0.          0.          1.        ]]\n",
      "[[ 0.32914712 -0.94416378  0.01472584 -0.49530527]\n",
      " [ 0.94424294  0.3289591  -0.01382466  1.21963047]\n",
      " [ 0.00820854  0.01845512  0.99979603 -0.78208689]\n",
      " [ 0.          0.          0.          1.        ]]\n",
      "[array([-1.12104365, -0.57263407, -0.81774397]), array([-0.49530527,  1.21963047, -0.78208689])]\n",
      "[[ 0.96800122  0.25093465 -0.00233304 -1.07546517]\n",
      " [-0.25066844  0.96645397 -0.05596477  0.30043094]\n",
      " [-0.01178873  0.05475879  0.99843002  0.01348114]\n",
      " [ 0.          0.          0.          1.        ]]\n",
      "[[ 0.96674266  0.2556654  -0.00662057  1.18013651]\n",
      " [-0.25561778  0.96507915 -0.05728689 -0.33299511]\n",
      " [-0.00825691  0.05707402  0.99833581 -0.00813293]\n",
      " [ 0.          0.          0.          1.        ]]\n",
      " \n",
      "Post transform\n",
      "[[ 0.96783356  0.25155254 -0.00440793 -1.88393901]\n",
      " [-0.25122634  0.96533869 -0.07075648  0.62059858]\n",
      " [-0.01354382  0.06958789  0.99748392 -0.7839669 ]\n",
      " [ 0.          0.          0.          1.        ]]\n",
      "[[ 0.96656408  0.25627752 -0.00869626  0.37122283]\n",
      " [-0.2562265   0.96392599 -0.07207369 -0.01420884]\n",
      " [-0.01008832  0.07189206  0.99736144 -0.81040255]\n",
      " [ 0.          0.          0.          1.        ]]\n",
      "[array([-1.88393901,  0.62059858, -0.7839669 ]), array([ 0.37122283, -0.01420884, -0.81040255])]\n",
      "[[ 4.12708797e-01 -9.10726587e-01  1.57649017e-02 -4.18959466e-01]\n",
      " [ 9.10841085e-01  4.12757165e-01 -2.03264332e-04 -9.34564232e-01]\n",
      " [-6.32195789e-03  1.44432091e-02  9.99875706e-01 -1.61895752e-02]\n",
      " [ 0.00000000e+00  0.00000000e+00  0.00000000e+00  1.00000000e+00]]\n",
      "[[ 4.17205499e-01 -9.08637512e-01  1.78169459e-02  4.56637697e-01]\n",
      " [ 9.08786406e-01  4.17261125e-01 -6.49733583e-04  1.02559825e+00]\n",
      " [-6.84394657e-03  1.64628706e-02  9.99841055e-01  1.68151855e-02]\n",
      " [ 0.00000000e+00  0.00000000e+00  0.00000000e+00  1.00000000e+00]]\n",
      " \n",
      "Post transform\n",
      "[[ 0.41340864 -0.91044205  0.01372914 -1.22830728]\n",
      " [ 0.91051028  0.41321287 -0.01503676 -0.61433631]\n",
      " [ 0.00801704  0.01871685  0.99979272 -0.83061349]\n",
      " [ 0.          0.          0.          1.        ]]\n",
      "[[ 0.41790484 -0.90835369  0.01578091 -0.35129889]\n",
      " [ 0.90846003  0.41768476 -0.01548428  1.34443323]\n",
      " [ 0.00747375  0.02080728  0.99975561 -0.76678135]\n",
      " [ 0.          0.          0.          1.        ]]\n",
      "[array([-1.22830728, -0.61433631, -0.83061349]), array([-0.35129889,  1.34443323, -0.76678135])]\n",
      "[[ 0.34726115 -0.9376214   0.01660727 -0.34115076]\n",
      " [ 0.93773942  0.34733532  0.00171993 -0.9228198 ]\n",
      " [-0.00738093  0.01497603  0.99986061  0.00714874]\n",
      " [ 0.          0.          0.          1.        ]]\n",
      "[[ 0.35301315 -0.93559645  0.00640235  0.34239994]\n",
      " [ 0.93561735  0.35299446 -0.00388308  0.92246985]\n",
      " [ 0.001373    0.00736093  0.99997197 -0.0032196 ]\n",
      " [ 0.          0.          0.          1.        ]]\n",
      " \n",
      "Post transform\n",
      "[[ 0.34798362 -0.9373873   0.01457299 -1.15053741]\n",
      " [ 0.93747275  0.34781147 -0.01311422 -0.60300023]\n",
      " [ 0.00722445  0.01822532  0.99980784 -0.80694616]\n",
      " [ 0.          0.          0.          1.        ]]\n",
      "[[ 0.35371619 -0.93534258  0.00436363 -0.46557348]\n",
      " [ 0.93521664  0.35358127 -0.01871024  1.2417029 ]\n",
      " [ 0.01595758  0.01069906  0.99981546 -0.788574  ]\n",
      " [ 0.          0.          0.          1.        ]]\n",
      "[array([-1.15053741, -0.60300023, -0.80694616]), array([-0.46557348,  1.2417029 , -0.788574  ])]\n",
      "[[ 0.39929683 -0.91632164  0.0302768  -0.27673821]\n",
      " [ 0.91682109  0.39911696 -0.01203069 -0.64091626]\n",
      " [-0.00106     0.03256222  0.99946915 -0.01348877]\n",
      " [ 0.          0.          0.          1.        ]]\n",
      "[[ 0.3647979  -0.9307377   0.02549178  0.26764936]\n",
      " [ 0.93108053  0.36475862 -0.00634051  0.65472028]\n",
      " [-0.00339699  0.0260479   0.99965492  0.00804138]\n",
      " [ 0.          0.          0.          1.        ]]\n",
      " \n",
      "Post transform\n",
      "[[ 0.39999051 -0.91608428  0.02823289 -1.08587008]\n",
      " [ 0.91642216  0.39930999 -0.02686826 -0.32087243]\n",
      " [ 0.01333991  0.0366203   0.99924025 -0.82327188]\n",
      " [ 0.          0.          0.          1.        ]]\n",
      "[[ 0.3655072  -0.93051299  0.0234518  -0.54054904]\n",
      " [ 0.93074176  0.36506332 -0.0211777   0.97387462]\n",
      " [ 0.01114473  0.02956818  0.99950067 -0.78143486]\n",
      " [ 0.          0.          0.          1.        ]]\n",
      "[array([-1.08587008, -0.32087243, -0.82327188]), array([-0.54054904,  0.97387462, -0.78143486])]\n",
      "[[ 0.96373505  0.26675872 -0.00738504 -1.1800154 ]\n",
      " [-0.26682909  0.96282357 -0.04210726  0.3355016 ]\n",
      " [-0.00412199  0.04255079  0.9990858  -0.00189209]\n",
      " [ 0.          0.          0.          1.        ]]\n",
      "[[ 0.96455765  0.26384411 -0.00385077  1.07600849]\n",
      " [-0.26376871  0.96366794 -0.04207332 -0.29380786]\n",
      " [-0.00738993  0.04159786  0.9991071   0.00668335]\n",
      " [ 0.          0.          0.          1.        ]]\n",
      " \n",
      "Post transform\n",
      "[[ 0.96353959  0.26739868 -0.00945079 -1.9884312 ]\n",
      " [-0.2674955   0.96187722 -0.05690625  0.65597536]\n",
      " [-0.00612615  0.05735947  0.99833483 -0.79903015]\n",
      " [ 0.          0.          0.          1.        ]]\n",
      "[[ 0.96437115  0.26448666 -0.00591655  0.26709448]\n",
      " [-0.26438767  0.96273792 -0.05687541  0.02483625]\n",
      " [-0.0093467   0.05641326  0.99836379 -0.79521779]\n",
      " [ 0.          0.          0.          1.        ]]\n",
      "[array([-1.9884312 ,  0.65597536, -0.79903015]), array([ 0.26709448,  0.02483625, -0.79521779])]\n",
      "[[ 9.64904731e-01  2.62598676e-01  8.91511235e-04 -1.03134235e+00]\n",
      " [-2.62447529e-01  9.64453978e-01 -3.08191151e-02  2.69716892e-01]\n",
      " [-8.95288039e-03  2.95035351e-02  9.99524581e-01  1.65557861e-03]\n",
      " [ 0.00000000e+00  0.00000000e+00  0.00000000e+00  1.00000000e+00]]\n",
      "[[ 9.64637938e-01  2.63573596e-01  1.61461380e-03  1.12954171e+00]\n",
      " [-2.63419540e-01  9.64250684e-01 -2.88229921e-02 -2.94490691e-01]\n",
      " [-9.15387216e-03  2.73784309e-02  9.99583227e-01  6.48498540e-04]\n",
      " [ 0.00000000e+00  0.00000000e+00  0.00000000e+00  1.00000000e+00]]\n",
      " \n",
      "Post transform\n",
      "[[ 9.64722413e-01  2.63266441e-01 -1.16662693e-03 -1.83981542e+00]\n",
      " [-2.63043738e-01  9.63704120e-01 -4.56323519e-02  5.90028548e-01]\n",
      " [-1.08891835e-02  4.43294265e-02  9.98957659e-01 -7.96157133e-01]\n",
      " [ 0.00000000e+00  0.00000000e+00  0.00000000e+00  1.00000000e+00]]\n",
      "[[ 9.64455296e-01  2.64245531e-01 -4.42137807e-04  3.20639346e-01]\n",
      " [-2.64012453e-01  9.63531582e-01 -4.36378862e-02  2.42009043e-02]\n",
      " [-1.11051025e-02  4.22035201e-02  9.99047355e-01 -8.01153712e-01]\n",
      " [ 0.00000000e+00  0.00000000e+00  0.00000000e+00  1.00000000e+00]]\n",
      "[array([-1.83981542,  0.59002855, -0.79615713]), array([ 0.32063935,  0.0242009 , -0.80115371])]\n",
      "[[ 0.35928141 -0.93314951  0.01220074 -0.3937629 ]\n",
      " [ 0.93318969  0.35935588  0.00451212 -1.02217867]\n",
      " [-0.00859489  0.00976448  0.99991539 -0.01612854]\n",
      " [ 0.          0.          0.          1.        ]]\n",
      "[[ 0.36340157 -0.93130706  0.02462636  0.35936079]\n",
      " [ 0.93142213  0.36375437  0.01164359  0.92371752]\n",
      " [-0.01980171  0.01870624  0.99962892  0.00231934]\n",
      " [ 0.          0.          0.          1.        ]]\n",
      " \n",
      "Post transform\n",
      "[[ 0.36000289 -0.93289573  0.01016847 -1.20317708]\n",
      " [ 0.93293207  0.35990444 -0.01031968 -0.70196179]\n",
      " [ 0.00596751  0.0132016   0.99989509 -0.8318003 ]\n",
      " [ 0.          0.          0.          1.        ]]\n",
      "[[ 0.36414452 -0.93106816  0.02260003 -0.448623  ]\n",
      " [ 0.93132759  0.36416845 -0.00319451  1.24285501]\n",
      " [-0.00525591  0.02221129  0.99973952 -0.78298284]\n",
      " [ 0.          0.          0.          1.        ]]\n",
      "[array([-1.20317708, -0.70196179, -0.8318003 ]), array([-0.448623  ,  1.24285501, -0.78298284])]\n",
      "[[ 0.97766979 -0.20997843  0.0084164  -0.29929687]\n",
      " [ 0.21011735  0.97742053 -0.02235645 -0.08015849]\n",
      " [-0.00353199  0.02362565  0.99971464  0.00402832]\n",
      " [ 0.          0.          0.          1.        ]]\n",
      "[[ 0.95523246 -0.29564908  0.0110708   0.33464554]\n",
      " [ 0.29582437  0.95501006 -0.02106464  0.11091618]\n",
      " [-0.00434499  0.02339664  0.99971682 -0.01207733]\n",
      " [ 0.          0.          0.          1.        ]]\n",
      " \n",
      "Post transform\n",
      "[[ 0.97783334 -0.20928777  0.00636425 -1.1080408 ]\n",
      " [ 0.20937868  0.97712753 -0.03717934  0.2395816 ]\n",
      " [ 0.0015625   0.03768774  0.99928838 -0.79748944]\n",
      " [ 0.          0.          0.          1.        ]]\n",
      "[[ 0.95546246 -0.29497467  0.00901962 -0.4739228 ]\n",
      " [ 0.29510594  0.95479022 -0.0358898   0.43037605]\n",
      " [ 0.00197474  0.0369531   0.99931509 -0.80947734]\n",
      " [ 0.          0.          0.          1.        ]]\n",
      "[array([-1.1080408 ,  0.2395816 , -0.79748944]), array([-0.4739228 ,  0.43037605, -0.80947734])]\n",
      "[[ 0.99970403 -0.02406517  0.00356611 -0.26946648]\n",
      " [ 0.02412887  0.99952735 -0.01904933 -0.0105512 ]\n",
      " [-0.003106    0.01912974  0.99981219 -0.00391388]\n",
      " [ 0.          0.          0.          1.        ]]\n",
      "[[ 9.95594264e-01 -9.35989177e-02  5.59492071e-03  2.54833767e-01]\n",
      " [ 9.36910513e-02  9.95411156e-01 -1.94580804e-02  3.54892090e-02]\n",
      " [-3.74799122e-03  1.98965472e-02  9.99795019e-01 -1.67846680e-04]\n",
      " [ 0.00000000e+00  0.00000000e+00  0.00000000e+00  1.00000000e+00]]\n",
      " \n",
      "Post transform\n",
      "[[ 9.99726180e-01 -2.33491065e-02  1.51626565e-03 -1.07814174e+00]\n",
      " [ 2.33870793e-02  9.99152542e-01 -3.38702303e-02  3.09275520e-01]\n",
      " [-7.24141230e-04  3.38964156e-02  9.99425128e-01 -8.04338468e-01]\n",
      " [ 0.00000000e+00  0.00000000e+00  0.00000000e+00  1.00000000e+00]]\n",
      "[[ 9.95670271e-01 -9.28873579e-02  3.54480176e-03 -5.53815598e-01]\n",
      " [ 9.29543405e-02  9.95080049e-01 -3.42802719e-02  3.54843539e-01]\n",
      " [-3.43158084e-04  3.44613511e-02  9.99406011e-01 -7.98848930e-01]\n",
      " [ 0.00000000e+00  0.00000000e+00  0.00000000e+00  1.00000000e+00]]\n",
      "[array([-1.07814174,  0.30927552, -0.80433847]), array([-0.5538156 ,  0.35484354, -0.79884893])]\n",
      "[[ 4.79869121e-01 -8.77030640e-01  2.32998447e-02 -4.29289550e-01]\n",
      " [ 8.77262005e-01  4.80011481e-01  5.93525195e-04 -8.02478665e-01]\n",
      " [-1.17047327e-02  2.01552541e-02  9.99728346e-01  6.33239747e-03]\n",
      " [ 0.00000000e+00  0.00000000e+00  0.00000000e+00  1.00000000e+00]]\n",
      "[[ 0.48870019 -0.8721466   0.02307459  0.43126444]\n",
      " [ 0.87241147  0.48876091 -0.00331488  0.79563641]\n",
      " [-0.0083869   0.02175052  0.99972825 -0.00610352]\n",
      " [ 0.          0.          0.          1.        ]]\n",
      " \n",
      "Post transform\n",
      "[[ 0.4805544  -0.87670701  0.02126496 -1.23858343]\n",
      " [ 0.87696194  0.48034864 -0.01424379 -0.48259103]\n",
      " [ 0.00227303  0.02549348  0.99967244 -0.80615684]\n",
      " [ 0.          0.          0.          1.        ]]\n",
      "[[ 0.48937503 -0.87181962  0.02103676 -0.37679912]\n",
      " [ 0.87205583  0.48906963 -0.01815158  1.11485639]\n",
      " [ 0.00553646  0.02722816  0.99961395 -0.79315793]\n",
      " [ 0.          0.          0.          1.        ]]\n",
      "[array([-1.23858343, -0.48259103, -0.80615684]), array([-0.37679912,  1.11485639, -0.79315793])]\n",
      "[[ 9.43463391e-01  3.31476414e-01 -4.64970051e-04 -3.47480739e-01]\n",
      " [-3.31212518e-01  9.42654429e-01 -4.12419084e-02  1.35193563e-01]\n",
      " [-1.32324138e-02  3.90642347e-02  9.99149082e-01 -5.20477295e-03]\n",
      " [ 0.00000000e+00  0.00000000e+00  0.00000000e+00  1.00000000e+00]]\n",
      "[[ 0.94550108  0.32561645  0.00127864  0.34748074]\n",
      " [-0.32532114  0.94479692 -0.03905053 -0.13519356]\n",
      " [-0.01392355  0.03650634  0.99923642  0.00520477]\n",
      " [ 0.          0.          0.          1.        ]]\n",
      " \n",
      "Post transform\n",
      "[[ 0.9432379   0.33210808 -0.00253021 -1.1560431 ]\n",
      " [-0.33172087  0.94171116 -0.05604737  0.45508463]\n",
      " [-0.01623105  0.05370532  0.99842494 -0.80362655]\n",
      " [ 0.          0.          0.          1.        ]]\n",
      "[[ 9.45281439e-01  3.26254961e-01 -7.85128160e-04 -4.61308703e-01]\n",
      " [-3.25821498e-01  9.43895927e-01 -5.38588878e-02  1.84027179e-01]\n",
      " [-1.68306502e-02  5.11676194e-02  9.98548287e-01 -7.95819650e-01]\n",
      " [ 0.00000000e+00  0.00000000e+00  0.00000000e+00  1.00000000e+00]]\n",
      "[array([-1.1560431 ,  0.45508463, -0.80362655]), array([-0.4613087 ,  0.18402718, -0.79581965])]\n",
      "[[ 9.68594060e-01  2.48644829e-01 -1.13849722e-03 -1.18786551e+00]\n",
      " [-2.48310986e-01  9.67035184e-01 -5.64323279e-02  3.27895135e-01]\n",
      " [-1.29306396e-02  5.49427190e-02  9.98405777e-01  1.27029419e-02]\n",
      " [ 0.00000000e+00  0.00000000e+00  0.00000000e+00  1.00000000e+00]]\n",
      "[[ 0.96736856  0.25333375 -0.00447995  1.07546511]\n",
      " [-0.25316854  0.96572466 -0.05728499 -0.30043093]\n",
      " [-0.01018582  0.05654988  0.99834782 -0.01348114]\n",
      " [ 0.          0.          0.          1.        ]]\n",
      " \n",
      "Post transform\n",
      "[[ 0.96843051  0.24926279 -0.0032137  -1.99631676]\n",
      " [-0.24885269  0.96591892 -0.07122456  0.64815956]\n",
      " [-0.01464946  0.06977578  0.99745517 -0.78456541]\n",
      " [ 0.          0.          0.          1.        ]]\n",
      "[[ 0.96719576  0.25394744 -0.00655567  0.26658716]\n",
      " [-0.25374943  0.96458103 -0.07207365  0.01851324]\n",
      " [-0.01197944  0.07137282  0.99737781 -0.8154793 ]\n",
      " [ 0.          0.          0.          1.        ]]\n",
      "[array([-1.99631676,  0.64815956, -0.78456541]), array([ 0.26658716,  0.01851324, -0.8154793 ])]\n",
      "[[ 0.49824627 -0.86639685  0.03327382 -0.13978888]\n",
      " [ 0.86695312  0.49836108 -0.00534012 -0.24498425]\n",
      " [-0.01195572  0.03150753  0.99943201  0.00238037]\n",
      " [ 0.          0.          0.          1.        ]]\n",
      "[[ 0.50354967 -0.86317439  0.03698236  0.11676285]\n",
      " [ 0.86387981  0.50364336 -0.00741823  0.20662334]\n",
      " [-0.0122227   0.03568376  0.99928838 -0.00702667]\n",
      " [ 0.          0.          0.          1.        ]]\n",
      " \n",
      "Post transform\n",
      "[[ 0.49892423 -0.8660825   0.03123503 -0.94865432]\n",
      " [ 0.86664348  0.4985196  -0.02018022  0.07467315]\n",
      " [ 0.00190646  0.03713804  0.99930837 -0.80125776]\n",
      " [ 0.          0.          0.          1.        ]]\n",
      "[[ 0.50422584 -0.86286456  0.03494229 -0.69174296]\n",
      " [ 0.8635703   0.50373686 -0.02225889  0.52616892]\n",
      " [ 0.00160468  0.04139863  0.99914146 -0.80344951]\n",
      " [ 0.          0.          0.          1.        ]]\n",
      "[array([-0.94865432,  0.07467315, -0.80125776]), array([-0.69174296,  0.52616892, -0.80344951])]\n",
      "[[ 0.5149596  -0.85643367  0.0365784  -0.05237758]\n",
      " [ 0.85713779  0.51501521 -0.00861092 -0.09008508]\n",
      " [-0.01146375  0.035787    0.99929369  0.00930786]\n",
      " [ 0.          0.          0.          1.        ]]\n",
      "[[ 0.51692886 -0.85534535  0.03418878  0.04643321]\n",
      " [ 0.85595174  0.51700453 -0.00727543  0.07968094]\n",
      " [-0.01145275  0.03302483  0.99938891 -0.0115509 ]\n",
      " [ 0.          0.          0.          1.        ]]\n",
      " \n",
      "Post transform\n",
      "[[ 0.51562911 -0.85611547  0.03453742 -0.86114034]\n",
      " [ 0.85680881  0.51510063 -0.02345121  0.22938392]\n",
      " [ 0.00228669  0.04168409  0.99912826 -0.79185778]\n",
      " [ 0.          0.          0.          1.        ]]\n",
      "[[ 0.51759745 -0.85502004  0.03214862 -0.7621591 ]\n",
      " [ 0.85562118  0.51712982 -0.0221154   0.3993628 ]\n",
      " [ 0.0022841   0.03895392  0.99923844 -0.80999748]\n",
      " [ 0.          0.          0.          1.        ]]\n",
      "[array([-0.86114034,  0.22938392, -0.79185778]), array([-0.7621591 ,  0.3993628 , -0.80999748])]\n",
      "[[ 9.64491752e-01  2.63788540e-01 -1.30868469e-02 -1.08356227e+00]\n",
      " [-2.64058593e-01  9.62103290e-01 -6.80464466e-02  3.10413519e-01]\n",
      " [-5.35897435e-03  6.90859309e-02  9.97596319e-01 -3.81469730e-04]\n",
      " [ 0.00000000e+00  0.00000000e+00  0.00000000e+00  1.00000000e+00]]\n",
      "[[ 0.96438421  0.26438238 -0.00806503  0.98298537]\n",
      " [-0.26435573  0.96236502 -0.0630049  -0.28497744]\n",
      " [-0.00889588  0.06289297  0.99798063  0.00335693]\n",
      " [ 0.          0.          0.          1.        ]]\n",
      " \n",
      "Post transform\n",
      "[[ 0.9643009   0.26437394 -0.01516914 -1.89200033]\n",
      " [-0.26470757  0.96076603 -0.08281602  0.6307919 ]\n",
      " [-0.0073204   0.08387495  0.99644944 -0.79769636]\n",
      " [ 0.          0.          0.          1.        ]]\n",
      "[[ 0.96420034  0.26498059 -0.01014431  0.17408503]\n",
      " [-0.26495217  0.96111906 -0.07778467  0.03378806]\n",
      " [-0.01086153  0.07768777  0.99691861 -0.79860124]\n",
      " [ 0.          0.          0.          1.        ]]\n",
      "[array([-1.89200033,  0.6307919 , -0.79769636]), array([ 0.17408503,  0.03378806, -0.79860124])]\n",
      "[[ 5.20508663e-01 -8.53218111e-01  3.30088895e-02 -2.47967313e-04]\n",
      " [ 8.53838266e-01  5.20360397e-01 -1.36114639e-02  1.17679127e-02]\n",
      " [-5.56297131e-03  3.52691379e-02  9.99362367e-01  6.08062744e-03]\n",
      " [ 0.00000000e+00  0.00000000e+00  0.00000000e+00  1.00000000e+00]]\n",
      "[[ 5.20432937e-01 -8.53271652e-01  3.28183815e-02  6.05292968e-04]\n",
      " [ 8.53885026e-01  5.20283950e-01 -1.36004805e-02 -1.04403244e-02]\n",
      " [-5.46997272e-03  3.51012625e-02  9.99368791e-01 -7.26318359e-03]\n",
      " [ 0.00000000e+00  0.00000000e+00  0.00000000e+00  1.00000000e+00]]\n",
      " \n",
      "Post transform\n",
      "[[ 0.52116365 -0.85289483  0.030964   -0.80892736]\n",
      " [ 0.85341782  0.52045038 -0.02844942  0.33123258]\n",
      " [ 0.00814913  0.04125203  0.99911558 -0.7934692 ]\n",
      " [ 0.          0.          0.          1.        ]]\n",
      "[[ 0.52108777 -0.85294809  0.03077349 -0.80806371]\n",
      " [ 0.85346326  0.52037647 -0.02843838  0.30922391]\n",
      " [ 0.00824266  0.04108294  0.99912178 -0.80713902]\n",
      " [ 0.          0.          0.          1.        ]]\n",
      "[array([-0.80892736,  0.33123258, -0.7934692 ]), array([-0.80806371,  0.30922391, -0.80713902])]\n",
      "[[ 0.4603851  -0.88750781  0.01937644 -0.42530531]\n",
      " [ 0.8875889   0.46058192  0.00708836 -0.83151412]\n",
      " [-0.01521541  0.01393494  0.99978713  0.00945282]\n",
      " [ 0.          0.          0.          1.        ]]\n",
      "[[ 0.4644777  -0.88531848  0.02171773  0.4242595 ]\n",
      " [ 0.88546585  0.46467759  0.00499679  0.82857408]\n",
      " [-0.01451549  0.01690941  0.99975166 -0.01280975]\n",
      " [ 0.          0.          0.          1.        ]]\n",
      " \n",
      "Post transform\n",
      "[[ 4.61085372e-01 -8.87186169e-01  1.73463528e-02 -1.23462748e+00]\n",
      " [ 8.87355036e-01  4.61021655e-01 -7.74746301e-03 -5.11672673e-01]\n",
      " [-1.12360677e-03  1.89646151e-02  9.99819563e-01 -8.03459143e-01]\n",
      " [ 0.00000000e+00  0.00000000e+00  0.00000000e+00  1.00000000e+00]]\n",
      "[[ 4.65174931e-01 -8.84999805e-01  1.96861316e-02 -3.83765515e-01]\n",
      " [ 8.85218632e-01  4.65071065e-01 -9.84011967e-03  1.14789533e+00]\n",
      " [-4.46950597e-04  2.20039074e-02  9.99757824e-01 -7.99389317e-01]\n",
      " [ 0.00000000e+00  0.00000000e+00  0.00000000e+00  1.00000000e+00]]\n",
      "[array([-1.23462748, -0.51167267, -0.80345914]), array([-0.38376552,  1.14789533, -0.79938932])]\n",
      "[[ 0.498066   -0.86680658  0.0240125  -0.43703259]\n",
      " [ 0.86707693  0.49817093 -0.00181991 -0.77677043]\n",
      " [-0.01038481  0.02172712  0.99971    -0.00112915]\n",
      " [ 0.          0.          0.          1.        ]]\n",
      "[[ 5.05812384e-01 -8.62213232e-01  2.72428991e-02  4.79435293e-01]\n",
      " [ 8.62527757e-01  5.06009591e-01  4.01711967e-04  8.48665469e-01]\n",
      " [-1.41315296e-02  2.32945658e-02  9.99628763e-01 -5.15747070e-03]\n",
      " [ 0.00000000e+00  0.00000000e+00  0.00000000e+00  1.00000000e+00]]\n",
      " \n",
      "Post transform\n",
      "[[ 0.49874086 -0.86647247  0.02197583 -1.24629184]\n",
      " [ 0.86674413  0.49847476 -0.01665725 -0.45676894]\n",
      " [ 0.00347865  0.02735507  0.99961977 -0.81325212]\n",
      " [ 0.          0.          0.          1.        ]]\n",
      "[[ 5.06491412e-01 -8.61876393e-01  2.52080669e-02 -3.28590255e-01]\n",
      " [ 8.62244912e-01  5.06285718e-01 -1.44372061e-02  1.16782775e+00]\n",
      " [-3.19401429e-04  2.90478489e-02  9.99578010e-01 -7.91328347e-01]\n",
      " [ 0.00000000e+00  0.00000000e+00  0.00000000e+00  1.00000000e+00]]\n",
      "[array([-1.24629184, -0.45676894, -0.81325212]), array([-0.32859026,  1.16782775, -0.79132835])]\n",
      "[[ 0.44095618 -0.89736033  0.01738047 -0.4248145 ]\n",
      " [ 0.89747588  0.44105753  0.00230126 -0.88080917]\n",
      " [-0.00973085  0.01458379  0.9998463   0.00656891]\n",
      " [ 0.          0.          0.          1.        ]]\n",
      "[[ 4.44670454e-01 -8.95470278e-01  2.00292094e-02  4.67677632e-01]\n",
      " [ 8.95640965e-01  4.44776728e-01  9.61861487e-04  9.61757180e-01]\n",
      " [-9.76984457e-03  1.75112690e-02  9.99798933e-01 -6.70623779e-03]\n",
      " [ 0.00000000e+00  0.00000000e+00  0.00000000e+00  1.00000000e+00]]\n",
      " \n",
      "Post transform\n",
      "[[ 0.4416528  -0.89705474  0.01534665 -1.23416804]\n",
      " [ 0.89717489  0.44149754 -0.01253334 -0.56091992]\n",
      " [ 0.00446758  0.01930401  0.99980372 -0.80707251]\n",
      " [ 0.          0.          0.          1.        ]]\n",
      "[[ 0.44536576 -0.89516784  0.01799447 -0.34025932]\n",
      " [ 0.89533784  0.44517145 -0.01387398  1.28093919]\n",
      " [ 0.00440891  0.02229012  0.99974186 -0.79122421]\n",
      " [ 0.          0.          0.          1.        ]]\n",
      "[array([-1.23416804, -0.56091992, -0.80707251]), array([-0.34025932,  1.28093919, -0.79122421])]\n",
      "[[ 0.52153795 -0.85259364  0.03289752  0.00157674]\n",
      " [ 0.85319831  0.52145407 -0.01176012 -0.00136311]\n",
      " [-0.00712794  0.03420146  0.99938954  0.00338745]\n",
      " [ 0.          0.          0.          1.        ]]\n",
      "[[ 5.21512350e-01 -8.52612337e-01  3.28187702e-02 -2.92851916e-03]\n",
      " [ 8.53213943e-01  5.21429650e-01 -1.17084164e-02  5.76521736e-04]\n",
      " [-7.12993959e-03  3.41075160e-02  9.99392736e-01 -4.58526612e-03]\n",
      " [ 0.00000000e+00  0.00000000e+00  0.00000000e+00  1.00000000e+00]]\n",
      " \n",
      "Post transform\n",
      "[[ 0.52219564 -0.85226736  0.03085398 -0.80710709]\n",
      " [ 0.85280033  0.52155926 -0.0265986   0.31814149]\n",
      " [ 0.00657694  0.04020195  0.99916997 -0.79635304]\n",
      " [ 0.          0.          0.          1.        ]]\n",
      "[[ 0.52217005 -0.85228589  0.03077526 -0.81159464]\n",
      " [ 0.85281601  0.52153626 -0.02654688  0.32020263]\n",
      " [ 0.00657512  0.04010762  0.99917377 -0.80430523]\n",
      " [ 0.          0.          0.          1.        ]]\n",
      "[array([-0.80710709,  0.31814149, -0.79635304]), array([-0.81159464,  0.32020263, -0.80430523])]\n",
      "[[ 0.96319507  0.26869278 -0.00770968 -1.04155543]\n",
      " [-0.26872365  0.96181483 -0.05195986  0.30250104]\n",
      " [-0.00654595  0.05211926  0.99861941  0.00189972]\n",
      " [ 0.          0.          0.          1.        ]]\n",
      "[[ 9.62746139e-01  2.70345213e-01 -5.77388206e-03  9.41755450e-01]\n",
      " [-2.70285402e-01  9.61454369e-01 -5.05103652e-02 -2.69306217e-01]\n",
      " [-8.10391130e-03  5.01892551e-02  9.98706847e-01  3.96728510e-04]\n",
      " [ 0.00000000e+00  0.00000000e+00  0.00000000e+00  1.00000000e+00]]\n",
      " \n",
      "Post transform\n",
      "[[ 0.96300312  0.2693125  -0.00978192 -1.85000421]\n",
      " [-0.2693535   0.96072525 -0.0667506   0.62281348]\n",
      " [-0.00857903  0.06691583  0.99772178 -0.79544769]\n",
      " [ 0.          0.          0.          1.        ]]\n",
      "[[ 0.96255618  0.27096858 -0.00784521  0.13287307]\n",
      " [-0.27089164  0.96039213 -0.06530408  0.04953382]\n",
      " [-0.01016087  0.06498405  0.99783461 -0.80141226]\n",
      " [ 0.          0.          0.          1.        ]]\n",
      "[array([-1.85000421,  0.62281348, -0.79544769]), array([ 0.13287307,  0.04953382, -0.80141226])]\n",
      "[[ 0.43907758 -0.89832528  0.0149188  -0.42501718]\n",
      " [ 0.89841439  0.43914613  0.00150545 -0.88623287]\n",
      " [-0.00790392  0.01274226  0.99988758 -0.00128937]\n",
      " [ 0.          0.          0.          1.        ]]\n",
      "[[ 0.44277344 -0.89643547  0.01884503  0.42481457]\n",
      " [ 0.89657817  0.44288184  0.00180349  0.88080931]\n",
      " [-0.00996284  0.01609751  0.99982079 -0.00656891]\n",
      " [ 0.          0.          0.          1.        ]]\n",
      " \n",
      "Post transform\n",
      "[[ 0.43977119 -0.89801738  0.01288431 -1.23435881]\n",
      " [ 0.89808769  0.43961441 -0.01332775 -0.56622639]\n",
      " [ 0.00630442  0.0174324   0.99982821 -0.81501073]\n",
      " [ 0.          0.          0.          1.        ]]\n",
      "[[ 0.44346985 -0.89613157  0.01681089 -0.3831837 ]\n",
      " [ 0.89627929  0.44329849 -0.01303183  1.20003186]\n",
      " [ 0.00422599  0.02084647  0.9997738  -0.79237368]\n",
      " [ 0.          0.          0.          1.        ]]\n",
      "[array([-1.23435881, -0.56622639, -0.81501073]), array([-0.3831837 ,  1.20003186, -0.79237368])]\n",
      "[[ 0.96413183  0.26518501 -0.01125742 -1.03903623]\n",
      " [-0.26531719  0.9616749  -0.06919663  0.27937074]\n",
      " [-0.00752393  0.06970146  0.99753952  0.00863647]\n",
      " [ 0.          0.          0.          1.        ]]\n",
      "[[ 0.96421373  0.26486253 -0.01182034  1.14268802]\n",
      " [-0.26504725  0.96188062 -0.06734705 -0.3055612 ]\n",
      " [-0.00646795  0.0680699   0.99765959 -0.00813293]\n",
      " [ 0.          0.          0.          1.        ]]\n",
      " \n",
      "Post transform\n",
      "[[ 0.96394444  0.26576883 -0.01334048 -1.84751621]\n",
      " [-0.26593365  0.96032747 -0.08396667  0.59958389]\n",
      " [-0.0095045   0.08448689  0.9963793  -0.78904948]\n",
      " [ 0.          0.          0.          1.        ]]\n",
      "[[ 0.96402439  0.26544983 -0.01390224  0.33379514]\n",
      " [-0.26567946  0.9605576  -0.08211863  0.01325146]\n",
      " [-0.00844447  0.08285791  0.99652563 -0.81007166]\n",
      " [ 0.          0.          0.          1.        ]]\n",
      "[array([-1.84751621,  0.59958389, -0.78904948]), array([ 0.33379514,  0.01325146, -0.81007166])]\n",
      "[[ 0.96438421  0.26438238 -0.00806503 -0.97963916]\n",
      " [-0.26435573  0.96236502 -0.0630049   0.28341387]\n",
      " [-0.00889588  0.06289297  0.99798063  0.00239563]\n",
      " [ 0.          0.          0.          1.        ]]\n",
      "[[ 0.96434843  0.26457484 -0.00568033  1.07706961]\n",
      " [-0.26443405  0.96255316 -0.05971631 -0.31171694]\n",
      " [-0.01033182  0.0590894   0.99819923 -0.00334167]\n",
      " [ 0.          0.          0.          1.        ]]\n",
      " \n",
      "Post transform\n",
      "[[ 0.96420034  0.26498059 -0.01014431 -1.78810352]\n",
      " [-0.26495217  0.96111906 -0.07778467  0.60367244]\n",
      " [-0.01086153  0.07768777  0.99691861 -0.79510945]\n",
      " [ 0.          0.          0.          1.        ]]\n",
      "[[ 0.96416742  0.26518094 -0.00775758  0.26816248]\n",
      " [-0.26500916  0.96136341 -0.07450155  0.00707691]\n",
      " [-0.01229854  0.0738878   0.99719076 -0.80550503]\n",
      " [ 0.          0.          0.          1.        ]]\n",
      "[array([-1.78810352,  0.60367244, -0.79510945]), array([ 0.26816248,  0.00707691, -0.80550503])]\n",
      "[[ 0.51796499 -0.85473967  0.03365069 -0.03967647]\n",
      " [ 0.85534433  0.51798533 -0.00879066 -0.06531515]\n",
      " [-0.00991684  0.03333618  0.99939499  0.01379395]\n",
      " [ 0.          0.          0.          1.        ]]\n",
      "[[ 0.51938609 -0.85386461  0.03396049  0.03689949]\n",
      " [ 0.85449231  0.51936551 -0.01011756  0.06076319]\n",
      " [-0.00899888  0.0342739   0.99937196 -0.00930786]\n",
      " [ 0.          0.          0.          1.        ]]\n",
      " \n",
      "Post transform\n",
      "[[ 0.51862998 -0.85441424  0.03160938 -0.84842969]\n",
      " [ 0.85499026  0.51810542 -0.02363013  0.25407464]\n",
      " [ 0.00381293  0.03928101  0.99922097 -0.78697929]\n",
      " [ 0.          0.          0.          1.        ]]\n",
      "[[ 0.52004857 -0.85354005  0.03191822 -0.77171165]\n",
      " [ 0.85412361  0.51947086 -0.02495679  0.38042138]\n",
      " [ 0.00472103  0.04024085  0.99917889 -0.80805443]\n",
      " [ 0.          0.          0.          1.        ]]\n",
      "[array([-0.84842969,  0.25407464, -0.78697929]), array([-0.77171165,  0.38042138, -0.80805443])]\n",
      "[[ 0.45376566 -0.89097118  0.01634257 -0.46386644]\n",
      " [ 0.89104518  0.45389002  0.00472519 -0.93598611]\n",
      " [-0.01162774  0.01241784  0.99985529  0.005867  ]\n",
      " [ 0.          0.          0.          1.        ]]\n",
      "[[ 0.45806939 -0.88875091  0.01715362  0.42286752]\n",
      " [ 0.88880972  0.45822812  0.00665349  0.84327538]\n",
      " [-0.01377356  0.01219854  0.99983073 -0.00893402]\n",
      " [ 0.          0.          0.          1.        ]]\n",
      " \n",
      "Post transform\n",
      "[[ 0.45446126 -0.8906515   0.01431057 -1.27326013]\n",
      " [ 0.89076296  0.45435571 -0.010109   -0.61604971]\n",
      " [ 0.0025015   0.01734148  0.99984653 -0.80867137]\n",
      " [ 0.          0.          0.          1.        ]]\n",
      "[[ 4.58767656e-01 -8.88427512e-01  1.51231184e-02 -3.85154274e-01]\n",
      " [ 8.88556172e-01  4.58694831e-01 -8.18118643e-03  1.16253866e+00]\n",
      " [ 3.31490499e-04  1.71910035e-02  9.99852208e-01 -7.95298896e-01]\n",
      " [ 0.00000000e+00  0.00000000e+00  0.00000000e+00  1.00000000e+00]]\n",
      "[array([-1.27326013, -0.61604971, -0.80867137]), array([-0.38515427,  1.16253866, -0.7952989 ])]\n",
      "[[ 0.68446625 -0.72797185  0.039534   -0.36916716]\n",
      " [ 0.72881277  0.68460914 -0.01192817 -0.38122794]\n",
      " [-0.01838196  0.03697732  0.99914703 -0.01860809]\n",
      " [ 0.          0.          0.          1.        ]]\n",
      "[[ 0.62448277 -0.78012518  0.03776196  0.35685281]\n",
      " [ 0.78088988  0.62457712 -0.01069681  0.4070286 ]\n",
      " [-0.01524041  0.03616791  0.99922951  0.00527954]\n",
      " [ 0.          0.          0.          1.        ]]\n",
      " \n",
      "Post transform\n",
      "[[ 0.68505251 -0.72752829  0.03749081 -1.17809223]\n",
      " [ 0.72846735  0.68455733 -0.02676824 -0.06106426]\n",
      " [-0.00618996  0.04564848  0.99893843 -0.82472798]\n",
      " [ 0.          0.          0.          1.        ]]\n",
      "[[ 0.62510211 -0.7797252   0.03571954 -0.45152726]\n",
      " [ 0.78053926  0.62458489 -0.02553685  0.72618112]\n",
      " [-0.00239816  0.04384364  0.99903557 -0.78768772]\n",
      " [ 0.          0.          0.          1.        ]]\n",
      "[array([-1.17809223, -0.06106426, -0.82472798]), array([-0.45152726,  0.72618112, -0.78768772])]\n",
      "[[ 0.5183225  -0.85481258  0.02524366 -0.42767371]\n",
      " [ 0.85516057  0.51830588 -0.0077081  -0.72349438]\n",
      " [-0.00649495  0.02558267  0.99965161  0.00591278]\n",
      " [ 0.          0.          0.          1.        ]]\n",
      "[[ 5.21094063e-01 -8.53145995e-01  2.45537843e-02  4.23912405e-01]\n",
      " [ 8.53448029e-01  5.21162306e-01 -4.03874968e-03  7.14660604e-01]\n",
      " [-9.35086372e-03  2.30599473e-02  9.99690352e-01 -5.87463380e-04]\n",
      " [ 0.00000000e+00  0.00000000e+00  0.00000000e+00  1.00000000e+00]]\n",
      " \n",
      "Post transform\n",
      "[[ 0.51898038 -0.85447113  0.02320266 -1.23690708]\n",
      " [ 0.85475552  0.51854092 -0.0225449  -0.40361049]\n",
      " [ 0.00723243  0.03153296  0.99947658 -0.80540224]\n",
      " [ 0.          0.          0.          1.        ]]\n",
      "[[ 0.52175646 -0.85279726  0.02251548 -0.38422353]\n",
      " [ 0.85308332  0.52143312 -0.01887598  1.03381351]\n",
      " [ 0.00435706  0.02905624  0.99956832 -0.78885781]\n",
      " [ 0.          0.          0.          1.        ]]\n",
      "[array([-1.23690708, -0.40361049, -0.80540224]), array([-0.38422353,  1.03381351, -0.78885781])]\n",
      "[[ 0.96494811  0.2624257  -0.00280944 -1.18661518]\n",
      " [-0.26230596  0.96405424 -0.04236763  0.32067807]\n",
      " [-0.0084099   0.0416195   0.99909814  0.00431061]\n",
      " [ 0.          0.          0.          1.        ]]\n",
      "[[ 0.96574233  0.25948939 -0.00264884  1.08125519]\n",
      " [-0.25936751  0.96485844 -0.04215068 -0.29605963]\n",
      " [-0.0083819   0.04139371  0.99910775 -0.00588989]\n",
      " [ 0.          0.          0.          1.        ]]\n",
      " \n",
      "Post transform\n",
      "[[ 0.9647648   0.2630685  -0.00487543 -1.9950548 ]\n",
      " [-0.26291026  0.96312496 -0.05717037  0.6410667 ]\n",
      " [-0.01034408  0.05643776  0.99835257 -0.79306126]\n",
      " [ 0.          0.          0.          1.        ]]\n",
      "[[ 0.96556117  0.26013326 -0.00471468  0.27236507]\n",
      " [-0.25997317  0.96393474 -0.05695371  0.02276698]\n",
      " [-0.01027091  0.05621798  0.99836573 -0.80781238]\n",
      " [ 0.          0.          0.          1.        ]]\n",
